     000002  000003  000004  000005  000006  000007  000008  000009  000010  000011  000012  000013  000014  000015  000016  000017  000018  000019  000020  
01   0.0200  0.0300  0.0400  0.0500  0.0600  0.0700  0.0800  0.0900  0.1000  0.1100  0.1200  0.1300  0.1400  0.1500  0.1600  0.1700  0.1800  0.1900  0.2000  
02   0.0396  0.0591  0.0784  0.0975  0.1164  0.1351  0.1536  0.1719  0.1900  0.2079  0.2256  0.2431  0.2604  0.2775  0.2944  0.3111  0.3276  0.3439  0.3600  
03   0.0588  0.0873  0.1153  0.1426  0.1694  0.1956  0.2213  0.2464  0.2710  0.2950  0.3185  0.3415  0.3639  0.3859  0.4073  0.4282  0.4486  0.4686  0.4880  
04   0.0776  0.1147  0.1507  0.1855  0.2193  0.2519  0.2836  0.3143  0.3439  0.3726  0.4003  0.4271  0.4530  0.4780  0.5021  0.5254  0.5479  0.5695  0.5904  
05   0.0961  0.1413  0.1846  0.2262  0.2661  0.3043  0.3409  0.3760  0.4095  0.4416  0.4723  0.5016  0.5296  0.5563  0.5818  0.6061  0.6293  0.6513  0.6723  
06   0.1142  0.1670  0.2172  0.2649  0.3101  0.3530  0.3936  0.4321  0.4686  0.5030  0.5356  0.5664  0.5954  0.6229  0.6487  0.6731  0.6960  0.7176  0.7379  
07   0.1319  0.1920  0.2486  0.3017  0.3515  0.3983  0.4422  0.4832  0.5217  0.5577  0.5913  0.6227  0.6521  0.6794  0.7049  0.7286  0.7507  0.7712  0.7903  
08   0.1492  0.2163  0.2786  0.3366  0.3904  0.4404  0.4868  0.5297  0.5695  0.6063  0.6404  0.6718  0.7008  0.7275  0.7521  0.7748  0.7956  0.8147  0.8322  
09   0.1663  0.2398  0.3075  0.3698  0.4270  0.4796  0.5278  0.5721  0.6126  0.6496  0.6835  0.7145  0.7427  0.7684  0.7918  0.8131  0.8324  0.8499  0.8658  
10   0.1829  0.2626  0.3352  0.4013  0.4614  0.5160  0.5656  0.6106  0.6513  0.6882  0.7215  0.7516  0.7787  0.8031  0.8251  0.8448  0.8626  0.8784  0.8926  
